Solution L(v) with source vertex 1 is {0,10,50,30,60}
1   2,10    4,30    5,100
2   3,50
3   5,10
4   3,20    5,60
5

Source vertex 1, L(v) = {0, 45,10,25,45,inf}
Source vertex 5, L(v) = {inf,50,inf,30,0, inf}
Source vertex 6, L(v) = {inf,23,inf,3,33,0}
1   2,50    3,10    5,45    
2   5,10
3   1,20    4,15
4   2,20    5,35
5   4,30
6   4,3

Solution: (0, 1, 2, 3);
1   2,1 4,4
2   1,1 3,1
3   2,1 4,1
4   1,4 3,1

Solution: (0, 1, 2, 2);
1   2,1 3,2 4,4
2   1,1 3,2
3   1,2 2,2 4,0
4   1,4 3,0

Solution: (0, 1, 3, 1000000, 1000000);
1   2,1 3,3
2   1,1 3,2
3   1,3 2,2
4   5,8
5   4,8

Solution: (0, 7, 9, 20, 20, 11).
1   2,7 3,9 6,14
2   1,7 3,10    4,15
3   1,9 2,10    4,11    6,2
4   2,15    3,11    5,6
5   4,6 6,9
6   1,14    3,2 5,9